R = 0.6;
L = 0.1;
Km = 0.1;
Kb = 0.1;
Kf = 0.2;
J = 0.02;