Km = 1;
R = 0.611;
L = 0.119E-3;
Kt = 0.0196;
J = 33.3/100/100/1000;
Kf = 0;
Kb = 1/(14400/60*2*pi);