Kp = 0.122;
Ki = 0;
Kd = 0;